-3.200000 2.000000 
-3.170000 1.000000 
-3.150000 1.000000 
-3.120000 1.000000 
-3.110000 1.000000 
-3.070000 1.000000 
-3.050000 1.000000 
-3.030000 1.000000 
-2.990000 1.000000 
-2.970000 1.000000 
-2.950000 1.000000 
-2.900000 1.000000 
-2.880000 1.000000 
-2.840000 1.000000 
-2.830000 1.000000 
-2.810000 1.000000 
-2.770000 2.000000 
-2.760000 2.000000 
-2.750000 1.000000 
-2.740000 1.000000 
-2.730000 1.000000 
-2.720000 2.000000 
-2.700000 2.000000 
-2.680000 1.000000 
-2.670000 1.000000 
-2.660000 1.000000 
-2.650000 3.000000 
-2.640000 2.000000 
-2.630000 2.000000 
-2.620000 3.000000 
-2.610000 1.000000 
-2.600000 2.000000 
-2.570000 2.000000 
-2.560000 1.000000 
-2.550000 1.000000 
-2.540000 1.000000 
-2.520000 1.000000 
-2.510000 3.000000 
-2.500000 4.000000 
-2.490000 1.000000 
-2.480000 1.000000 
-2.470000 1.000000 
-2.460000 1.000000 
-2.450000 1.000000 
-2.440000 1.000000 
-2.420000 1.000000 
-2.410000 4.000000 
-2.390000 5.000000 
-2.380000 2.000000 
-2.370000 2.000000 
-2.360000 1.000000 
-2.350000 3.000000 
-2.340000 3.000000 
-2.330000 5.000000 
-2.320000 2.000000 
-2.310000 2.000000 
-2.300000 3.000000 
-2.290000 1.000000 
-2.280000 1.000000 
-2.270000 1.000000 
-2.260000 5.000000 
-2.250000 3.000000 
-2.240000 5.000000 
-2.230000 1.000000 
-2.220000 3.000000 
-2.210000 3.000000 
-2.200000 3.000000 
-2.190000 4.000000 
-2.180000 2.000000 
-2.170000 3.000000 
-2.160000 3.000000 
-2.150000 3.000000 
-2.140000 2.000000 
-2.130000 4.000000 
-2.120000 6.000000 
-2.110000 5.000000 
-2.100000 3.000000 
-2.090000 5.000000 
-2.080000 2.000000 
-2.070000 7.000000 
-2.060000 3.000000 
-2.050000 3.000000 
-2.040000 5.000000 
-2.030000 2.000000 
-2.020000 2.000000 
-2.010000 2.000000 
-2.000000 5.000000 
-1.990000 4.000000 
-1.980000 8.000000 
-1.970000 3.000000 
-1.960000 7.000000 
-1.950000 7.000000 
-1.940000 6.000000 
-1.930000 5.000000 
-1.920000 7.000000 
-1.910000 5.000000 
-1.900000 7.000000 
-1.890000 3.000000 
-1.880000 6.000000 
-1.870000 9.000000 
-1.860000 6.000000 
-1.850000 4.000000 
-1.840000 7.000000 
-1.830000 8.000000 
-1.820000 13.000000 
-1.810000 7.000000 
-1.800000 9.000000 
-1.790000 7.000000 
-1.780000 6.000000 
-1.770000 6.000000 
-1.760000 5.000000 
-1.750000 10.000000 
-1.740000 8.000000 
-1.730000 6.000000 
-1.720000 5.000000 
-1.710000 7.000000 
-1.700000 13.000000 
-1.690000 8.000000 
-1.680000 7.000000 
-1.670000 9.000000 
-1.660000 11.000000 
-1.650000 6.000000 
-1.640000 10.000000 
-1.630000 14.000000 
-1.620000 8.000000 
-1.610000 12.000000 
-1.600000 9.000000 
-1.590000 12.000000 
-1.580000 12.000000 
-1.570000 10.000000 
-1.560000 16.000000 
-1.550000 7.000000 
-1.540000 13.000000 
-1.530000 12.000000 
-1.520000 9.000000 
-1.510000 12.000000 
-1.500000 15.000000 
-1.490000 10.000000 
-1.480000 12.000000 
-1.470000 12.000000 
-1.460000 8.000000 
-1.450000 11.000000 
-1.440000 13.000000 
-1.430000 7.000000 
-1.420000 13.000000 
-1.410000 19.000000 
-1.400000 10.000000 
-1.390000 14.000000 
-1.380000 12.000000 
-1.370000 12.000000 
-1.360000 17.000000 
-1.350000 11.000000 
-1.340000 14.000000 
-1.330000 13.000000 
-1.320000 16.000000 
-1.310000 19.000000 
-1.300000 15.000000 
-1.290000 16.000000 
-1.280000 11.000000 
-1.270000 16.000000 
-1.260000 18.000000 
-1.250000 18.000000 
-1.240000 17.000000 
-1.230000 18.000000 
-1.220000 16.000000 
-1.210000 23.000000 
-1.200000 20.000000 
-1.190000 22.000000 
-1.180000 14.000000 
-1.170000 21.000000 
-1.160000 12.000000 
-1.150000 17.000000 
-1.140000 16.000000 
-1.130000 24.000000 
-1.120000 21.000000 
-1.110000 17.000000 
-1.100000 19.000000 
-1.090000 19.000000 
-1.080000 26.000000 
-1.070000 20.000000 
-1.060000 22.000000 
-1.050000 15.000000 
-1.040000 25.000000 
-1.030000 21.000000 
-1.020000 16.000000 
-1.010000 29.000000 
-1.000000 20.000000 
-0.990000 24.000000 
-0.980000 18.000000 
-0.970000 19.000000 
-0.960000 20.000000 
-0.950000 27.000000 
-0.940000 19.000000 
-0.930000 18.000000 
-0.920000 17.000000 
-0.910000 28.000000 
-0.900000 20.000000 
-0.890000 25.000000 
-0.880000 22.000000 
-0.870000 27.000000 
-0.860000 27.000000 
-0.850000 24.000000 
-0.840000 22.000000 
-0.830000 31.000000 
-0.820000 25.000000 
-0.810000 31.000000 
-0.800000 25.000000 
-0.790000 32.000000 
-0.780000 23.000000 
-0.770000 27.000000 
-0.760000 35.000000 
-0.750000 31.000000 
-0.740000 23.000000 
-0.730000 33.000000 
-0.720000 26.000000 
-0.710000 27.000000 
-0.700000 31.000000 
-0.690000 24.000000 
-0.680000 30.000000 
-0.670000 28.000000 
-0.660000 39.000000 
-0.650000 28.000000 
-0.640000 35.000000 
-0.630000 28.000000 
-0.620000 25.000000 
-0.610000 21.000000 
-0.600000 29.000000 
-0.590000 24.000000 
-0.580000 43.000000 
-0.570000 48.000000 
-0.560000 27.000000 
-0.550000 25.000000 
-0.540000 28.000000 
-0.530000 27.000000 
-0.520000 27.000000 
-0.510000 41.000000 
-0.500000 23.000000 
-0.490000 25.000000 
-0.480000 38.000000 
-0.470000 29.000000 
-0.460000 34.000000 
-0.450000 47.000000 
-0.440000 25.000000 
-0.430000 38.000000 
-0.420000 26.000000 
-0.410000 26.000000 
-0.400000 34.000000 
-0.390000 49.000000 
-0.380000 33.000000 
-0.370000 34.000000 
-0.360000 27.000000 
-0.350000 38.000000 
-0.340000 37.000000 
-0.330000 43.000000 
-0.320000 37.000000 
-0.310000 30.000000 
-0.300000 26.000000 
-0.290000 50.000000 
-0.280000 30.000000 
-0.270000 35.000000 
-0.260000 28.000000 
-0.250000 45.000000 
-0.240000 36.000000 
-0.230000 38.000000 
-0.220000 34.000000 
-0.210000 36.000000 
-0.200000 34.000000 
-0.190000 30.000000 
-0.180000 32.000000 
-0.170000 35.000000 
-0.160000 40.000000 
-0.150000 36.000000 
-0.140000 30.000000 
-0.130000 37.000000 
-0.120000 26.000000 
-0.110000 33.000000 
-0.100000 37.000000 
-0.090000 47.000000 
-0.080000 30.000000 
-0.070000 44.000000 
-0.060000 38.000000 
-0.050000 31.000000 
-0.040000 46.000000 
-0.030000 39.000000 
-0.020000 38.000000 
-0.010000 28.000000 
0.000000 29.000000 
0.010000 34.000000 
0.020000 48.000000 
0.030000 31.000000 
0.040000 47.000000 
0.050000 31.000000 
0.060000 27.000000 
0.070000 37.000000 
0.080000 32.000000 
0.090000 44.000000 
0.100000 37.000000 
0.110000 29.000000 
0.120000 43.000000 
0.130000 44.000000 
0.140000 29.000000 
0.150000 32.000000 
0.160000 24.000000 
0.170000 36.000000 
0.180000 34.000000 
0.190000 31.000000 
0.200000 45.000000 
0.210000 30.000000 
0.220000 31.000000 
0.230000 28.000000 
0.240000 39.000000 
0.250000 38.000000 
0.260000 36.000000 
0.270000 36.000000 
0.280000 27.000000 
0.290000 46.000000 
0.300000 33.000000 
0.310000 22.000000 
0.320000 33.000000 
0.330000 35.000000 
0.340000 49.000000 
0.350000 28.000000 
0.360000 24.000000 
0.370000 31.000000 
0.380000 31.000000 
0.390000 35.000000 
0.400000 28.000000 
0.410000 26.000000 
0.420000 34.000000 
0.430000 29.000000 
0.440000 32.000000 
0.450000 37.000000 
0.460000 32.000000 
0.470000 42.000000 
0.480000 34.000000 
0.490000 34.000000 
0.500000 38.000000 
0.510000 39.000000 
0.520000 30.000000 
0.530000 26.000000 
0.540000 28.000000 
0.550000 30.000000 
0.560000 28.000000 
0.570000 49.000000 
0.580000 38.000000 
0.590000 29.000000 
0.600000 16.000000 
0.610000 27.000000 
0.620000 28.000000 
0.630000 25.000000 
0.640000 25.000000 
0.650000 35.000000 
0.660000 32.000000 
0.670000 33.000000 
0.680000 28.000000 
0.690000 29.000000 
0.700000 26.000000 
0.710000 26.000000 
0.720000 25.000000 
0.730000 23.000000 
0.740000 28.000000 
0.750000 30.000000 
0.760000 26.000000 
0.770000 32.000000 
0.780000 28.000000 
0.790000 22.000000 
0.800000 31.000000 
0.810000 28.000000 
0.820000 33.000000 
0.830000 20.000000 
0.840000 32.000000 
0.850000 22.000000 
0.860000 30.000000 
0.870000 19.000000 
0.880000 26.000000 
0.890000 20.000000 
0.900000 28.000000 
0.910000 19.000000 
0.920000 22.000000 
0.930000 30.000000 
0.940000 25.000000 
0.950000 23.000000 
0.960000 25.000000 
0.970000 20.000000 
0.980000 17.000000 
0.990000 19.000000 
1.000000 23.000000 
1.010000 21.000000 
1.020000 14.000000 
1.030000 23.000000 
1.040000 24.000000 
1.050000 17.000000 
1.060000 24.000000 
1.070000 20.000000 
1.080000 11.000000 
1.090000 18.000000 
1.100000 13.000000 
1.110000 23.000000 
1.120000 18.000000 
1.130000 20.000000 
1.140000 15.000000 
1.150000 21.000000 
1.160000 23.000000 
1.170000 14.000000 
1.180000 18.000000 
1.190000 18.000000 
1.200000 16.000000 
1.210000 17.000000 
1.220000 16.000000 
1.230000 14.000000 
1.240000 8.000000 
1.250000 15.000000 
1.260000 18.000000 
1.270000 10.000000 
1.280000 12.000000 
1.290000 14.000000 
1.300000 20.000000 
1.310000 16.000000 
1.320000 15.000000 
1.330000 22.000000 
1.340000 15.000000 
1.350000 19.000000 
1.360000 19.000000 
1.370000 7.000000 
1.380000 19.000000 
1.390000 9.000000 
1.400000 14.000000 
1.410000 21.000000 
1.420000 8.000000 
1.430000 8.000000 
1.440000 17.000000 
1.450000 8.000000 
1.460000 11.000000 
1.470000 11.000000 
1.480000 10.000000 
1.490000 10.000000 
1.500000 12.000000 
1.510000 8.000000 
1.520000 10.000000 
1.530000 10.000000 
1.540000 13.000000 
1.550000 16.000000 
1.560000 10.000000 
1.570000 14.000000 
1.580000 10.000000 
1.590000 11.000000 
1.600000 14.000000 
1.610000 7.000000 
1.620000 9.000000 
1.630000 8.000000 
1.640000 10.000000 
1.650000 13.000000 
1.660000 10.000000 
1.670000 6.000000 
1.680000 12.000000 
1.690000 7.000000 
1.700000 6.000000 
1.710000 11.000000 
1.720000 7.000000 
1.730000 7.000000 
1.740000 5.000000 
1.750000 14.000000 
1.760000 5.000000 
1.770000 12.000000 
1.780000 7.000000 
1.790000 5.000000 
1.800000 7.000000 
1.810000 8.000000 
1.820000 7.000000 
1.830000 5.000000 
1.840000 6.000000 
1.850000 4.000000 
1.860000 2.000000 
1.870000 9.000000 
1.880000 6.000000 
1.890000 6.000000 
1.900000 4.000000 
1.910000 8.000000 
1.920000 6.000000 
1.930000 4.000000 
1.940000 4.000000 
1.950000 6.000000 
1.960000 4.000000 
1.970000 6.000000 
1.980000 6.000000 
1.990000 3.000000 
2.000000 4.000000 
2.010000 2.000000 
2.020000 7.000000 
2.030000 3.000000 
2.040000 8.000000 
2.050000 2.000000 
2.060000 4.000000 
2.070000 3.000000 
2.080000 4.000000 
2.090000 3.000000 
2.100000 6.000000 
2.110000 3.000000 
2.120000 5.000000 
2.130000 4.000000 
2.140000 4.000000 
2.150000 3.000000 
2.160000 6.000000 
2.170000 4.000000 
2.180000 4.000000 
2.190000 1.000000 
2.200000 5.000000 
2.210000 3.000000 
2.220000 4.000000 
2.230000 1.000000 
2.240000 2.000000 
2.250000 2.000000 
2.260000 4.000000 
2.270000 1.000000 
2.280000 4.000000 
2.290000 5.000000 
2.310000 2.000000 
2.320000 3.000000 
2.330000 5.000000 
2.340000 1.000000 
2.350000 2.000000 
2.360000 2.000000 
2.370000 1.000000 
2.390000 1.000000 
2.400000 2.000000 
2.420000 2.000000 
2.430000 2.000000 
2.440000 2.000000 
2.450000 4.000000 
2.460000 1.000000 
2.470000 4.000000 
2.480000 3.000000 
2.510000 3.000000 
2.520000 1.000000 
2.530000 3.000000 
2.540000 2.000000 
2.560000 3.000000 
2.570000 3.000000 
2.580000 3.000000 
2.610000 3.000000 
2.620000 3.000000 
2.640000 2.000000 
2.650000 1.000000 
2.670000 1.000000 
2.680000 3.000000 
2.690000 2.000000 
2.730000 2.000000 
2.740000 1.000000 
2.780000 1.000000 
2.790000 1.000000 
2.850000 2.000000 
2.860000 1.000000 
2.870000 1.000000 
2.880000 1.000000 
2.890000 2.000000 
2.950000 2.000000 
2.970000 3.000000 
2.980000 2.000000 
3.050000 1.000000 
3.070000 1.000000 
3.120000 1.000000 
3.130000 1.000000 
3.140000 1.000000 
3.200000 1.000000 
3.250000 1.000000 
3.270000 1.000000 
3.350000 2.000000 
3.360000 1.000000 
3.410000 1.000000 
3.420000 1.000000 
3.590000 1.000000 
3.820000 1.000000 
3.940000 1.000000 
4.080000 1.000000 
