1 0.210000 
2 0.209252 
3 0.208507 
4 0.207765 
5 0.207025 
6 0.206288 
7 0.205554 
8 0.204822 
9 0.204093 
10 0.203366 
11 0.202642 
12 0.201920 
13 0.201201 
14 0.200485 
15 0.199771 
16 0.199060 
17 0.198351 
18 0.197645 
19 0.196941 
20 0.196240 
21 0.195541 
22 0.194845 
23 0.194152 
24 0.193460 
25 0.192771 
26 0.192085 
27 0.191401 
28 0.190720 
29 0.190041 
30 0.189364 
31 0.188690 
32 0.188018 
33 0.187349 
34 0.186682 
35 0.186017 
36 0.185355 
37 0.184695 
38 0.184037 
39 0.183382 
40 0.182729 
41 0.182078 
42 0.181430 
43 0.180784 
44 0.180141 
45 0.179499 
46 0.178860 
47 0.178223 
48 0.177589 
49 0.176956 
50 0.176326 
51 0.175699 
52 0.175073 
53 0.174450 
54 0.173829 
55 0.173210 
56 0.172593 
57 0.171979 
58 0.171366 
59 0.170756 
60 0.170148 
61 0.169542 
62 0.168939 
63 0.168337 
64 0.167738 
65 0.167141 
66 0.166546 
67 0.165953 
68 0.165362 
69 0.164773 
70 0.164186 
71 0.163602 
72 0.163019 
73 0.162439 
74 0.161860 
75 0.161284 
76 0.160710 
77 0.160138 
78 0.159568 
79 0.159000 
80 0.158433 
81 0.157869 
82 0.157307 
83 0.156747 
84 0.156189 
85 0.155633 
86 0.155079 
87 0.154527 
88 0.153977 
89 0.153428 
90 0.152882 
91 0.152338 
92 0.151795 
93 0.151255 
94 0.150716 
95 0.150180 
96 0.149645 
97 0.149112 
98 0.148581 
99 0.148052 
100 0.147525 
101 0.147000 
102 0.146477 
103 0.145955 
104 0.145435 
105 0.144918 
106 0.144402 
107 0.143888 
108 0.143375 
109 0.142865 
110 0.142356 
111 0.141849 
112 0.141344 
113 0.140841 
114 0.140340 
115 0.139840 
116 0.139342 
117 0.138846 
118 0.138352 
119 0.137859 
120 0.137368 
121 0.136879 
122 0.136392 
123 0.135906 
124 0.135422 
125 0.134940 
126 0.134460 
127 0.133981 
128 0.133504 
129 0.133029 
130 0.132555 
131 0.132083 
132 0.131613 
133 0.131144 
134 0.130677 
135 0.130212 
136 0.129748 
137 0.129286 
138 0.128826 
139 0.128367 
140 0.127910 
141 0.127455 
142 0.127001 
143 0.126549 
144 0.126098 
145 0.125649 
146 0.125202 
147 0.124756 
148 0.124312 
149 0.123870 
150 0.123428 
151 0.122989 
152 0.122551 
153 0.122115 
154 0.121680 
155 0.121247 
156 0.120815 
157 0.120385 
158 0.119956 
159 0.119529 
160 0.119104 
161 0.118680 
162 0.118257 
163 0.117836 
164 0.117416 
165 0.116998 
166 0.116582 
167 0.116167 
168 0.115753 
169 0.115341 
170 0.114930 
171 0.114521 
172 0.114113 
173 0.113707 
174 0.113302 
175 0.112899 
176 0.112497 
177 0.112096 
178 0.111697 
179 0.111300 
180 0.110903 
181 0.110509 
182 0.110115 
183 0.109723 
184 0.109332 
185 0.108943 
186 0.108555 
187 0.108169 
188 0.107784 
189 0.107400 
190 0.107017 
191 0.106636 
192 0.106257 
193 0.105878 
194 0.105501 
195 0.105126 
196 0.104752 
197 0.104379 
198 0.104007 
199 0.103637 
200 0.103268 
201 0.102900 
202 0.102534 
203 0.102169 
204 0.101805 
205 0.101442 
206 0.101081 
207 0.100721 
208 0.100363 
209 0.100005 
210 0.099649 
211 0.099294 
212 0.098941 
213 0.098589 
214 0.098238 
215 0.097888 
216 0.097539 
217 0.097192 
218 0.096846 
219 0.096501 
220 0.096158 
221 0.095815 
222 0.095474 
223 0.095134 
224 0.094796 
225 0.094458 
226 0.094122 
227 0.093787 
228 0.093453 
229 0.093120 
230 0.092788 
231 0.092458 
232 0.092129 
233 0.091801 
234 0.091474 
235 0.091148 
236 0.090824 
237 0.090500 
238 0.090178 
239 0.089857 
240 0.089537 
241 0.089218 
242 0.088901 
243 0.088584 
244 0.088269 
245 0.087955 
246 0.087641 
247 0.087329 
248 0.087018 
249 0.086709 
250 0.086400 
251 0.086092 
252 0.085786 
253 0.085480 
254 0.085176 
255 0.084873 
256 0.084571 
257 0.084269 
258 0.083969 
259 0.083670 
260 0.083373 
261 0.083076 
262 0.082780 
263 0.082485 
264 0.082192 
265 0.081899 
266 0.081607 
267 0.081317 
268 0.081027 
269 0.080739 
270 0.080451 
271 0.080165 
272 0.079879 
273 0.079595 
274 0.079312 
275 0.079029 
276 0.078748 
277 0.078468 
278 0.078188 
279 0.077910 
280 0.077632 
281 0.077356 
282 0.077081 
283 0.076806 
284 0.076533 
285 0.076260 
286 0.075989 
287 0.075718 
288 0.075449 
289 0.075180 
290 0.074912 
291 0.074645 
292 0.074380 
293 0.074115 
294 0.073851 
295 0.073588 
296 0.073326 
297 0.073065 
298 0.072805 
299 0.072546 
300 0.072287 
301 0.072030 
302 0.071774 
303 0.071518 
304 0.071263 
305 0.071010 
306 0.070757 
307 0.070505 
308 0.070254 
309 0.070004 
310 0.069754 
311 0.069506 
312 0.069259 
313 0.069012 
314 0.068766 
315 0.068522 
316 0.068278 
317 0.068034 
318 0.067792 
319 0.067551 
320 0.067310 
321 0.067071 
322 0.066832 
323 0.066594 
324 0.066357 
325 0.066121 
326 0.065885 
327 0.065651 
328 0.065417 
329 0.065184 
330 0.064952 
331 0.064721 
332 0.064490 
333 0.064261 
334 0.064032 
335 0.063804 
336 0.063577 
337 0.063350 
338 0.063125 
339 0.062900 
340 0.062676 
341 0.062453 
342 0.062231 
343 0.062009 
344 0.061788 
345 0.061568 
346 0.061349 
347 0.061131 
348 0.060913 
349 0.060696 
350 0.060480 
351 0.060265 
352 0.060050 
353 0.059836 
354 0.059623 
355 0.059411 
356 0.059199 
357 0.058989 
358 0.058779 
359 0.058569 
360 0.058361 
361 0.058153 
362 0.057946 
363 0.057740 
364 0.057534 
365 0.057329 
366 0.057125 
367 0.056922 
368 0.056719 
369 0.056517 
370 0.056316 
371 0.056115 
372 0.055916 
373 0.055717 
374 0.055518 
375 0.055320 
376 0.055124 
377 0.054927 
378 0.054732 
379 0.054537 
380 0.054343 
381 0.054149 
382 0.053956 
383 0.053764 
384 0.053573 
385 0.053382 
386 0.053192 
387 0.053003 
388 0.052814 
389 0.052626 
390 0.052439 
391 0.052252 
392 0.052066 
393 0.051880 
394 0.051696 
395 0.051512 
396 0.051328 
397 0.051146 
398 0.050963 
399 0.050782 
400 0.050601 
401 0.050421 
402 0.050241 
403 0.050063 
404 0.049884 
405 0.049707 
406 0.049530 
407 0.049353 
408 0.049178 
409 0.049003 
410 0.048828 
411 0.048654 
412 0.048481 
413 0.048308 
414 0.048136 
415 0.047965 
416 0.047794 
417 0.047624 
418 0.047455 
419 0.047286 
420 0.047117 
421 0.046950 
422 0.046782 
423 0.046616 
424 0.046450 
425 0.046284 
426 0.046120 
427 0.045955 
428 0.045792 
429 0.045629 
430 0.045466 
431 0.045304 
432 0.045143 
433 0.044982 
434 0.044822 
435 0.044663 
436 0.044504 
437 0.044345 
438 0.044187 
439 0.044030 
440 0.043873 
441 0.043717 
442 0.043561 
443 0.043406 
444 0.043252 
445 0.043098 
446 0.042944 
447 0.042791 
448 0.042639 
449 0.042487 
450 0.042336 
451 0.042185 
452 0.042035 
453 0.041885 
454 0.041736 
455 0.041588 
456 0.041440 
457 0.041292 
458 0.041145 
459 0.040999 
460 0.040853 
461 0.040707 
462 0.040562 
463 0.040418 
464 0.040274 
465 0.040130 
466 0.039988 
467 0.039845 
468 0.039703 
469 0.039562 
470 0.039421 
471 0.039281 
472 0.039141 
473 0.039002 
474 0.038863 
475 0.038724 
476 0.038586 
477 0.038449 
478 0.038312 
479 0.038176 
480 0.038040 
481 0.037904 
482 0.037769 
483 0.037635 
484 0.037501 
485 0.037367 
486 0.037234 
487 0.037102 
488 0.036970 
489 0.036838 
490 0.036707 
491 0.036576 
492 0.036446 
493 0.036316 
494 0.036187 
495 0.036058 
496 0.035930 
497 0.035802 
498 0.035674 
499 0.035547 
500 0.035421 
501 0.035295 
502 0.035169 
503 0.035044 
504 0.034919 
505 0.034795 
506 0.034671 
507 0.034547 
508 0.034424 
509 0.034302 
510 0.034180 
511 0.034058 
512 0.033937 
513 0.033816 
514 0.033696 
515 0.033576 
516 0.033456 
517 0.033337 
518 0.033218 
519 0.033100 
520 0.032982 
521 0.032865 
522 0.032748 
523 0.032631 
524 0.032515 
525 0.032399 
526 0.032284 
527 0.032169 
528 0.032054 
529 0.031940 
530 0.031826 
531 0.031713 
532 0.031600 
533 0.031488 
534 0.031376 
535 0.031264 
536 0.031153 
537 0.031042 
538 0.030931 
539 0.030821 
540 0.030711 
541 0.030602 
542 0.030493 
543 0.030384 
544 0.030276 
545 0.030168 
546 0.030061 
547 0.029954 
548 0.029847 
549 0.029741 
550 0.029635 
551 0.029530 
552 0.029425 
553 0.029320 
554 0.029215 
555 0.029111 
556 0.029008 
557 0.028904 
558 0.028802 
559 0.028699 
560 0.028597 
561 0.028495 
562 0.028394 
563 0.028292 
564 0.028192 
565 0.028091 
566 0.027991 
567 0.027892 
568 0.027792 
569 0.027693 
570 0.027595 
571 0.027497 
572 0.027399 
573 0.027301 
574 0.027204 
575 0.027107 
576 0.027011 
577 0.026914 
578 0.026819 
579 0.026723 
580 0.026628 
581 0.026533 
582 0.026439 
583 0.026344 
584 0.026251 
585 0.026157 
586 0.026064 
587 0.025971 
588 0.025879 
589 0.025787 
590 0.025695 
591 0.025603 
592 0.025512 
593 0.025421 
594 0.025331 
595 0.025241 
596 0.025151 
597 0.025061 
598 0.024972 
599 0.024883 
600 0.024795 
601 0.024706 
602 0.024618 
603 0.024531 
604 0.024443 
605 0.024356 
606 0.024270 
607 0.024183 
608 0.024097 
609 0.024011 
610 0.023926 
611 0.023841 
612 0.023756 
613 0.023671 
614 0.023587 
615 0.023503 
616 0.023419 
617 0.023336 
618 0.023253 
619 0.023170 
620 0.023087 
621 0.023005 
622 0.022923 
623 0.022842 
624 0.022760 
625 0.022679 
626 0.022599 
627 0.022518 
628 0.022438 
629 0.022358 
630 0.022279 
631 0.022199 
632 0.022120 
633 0.022041 
634 0.021963 
635 0.021885 
636 0.021807 
637 0.021729 
638 0.021652 
639 0.021575 
640 0.021498 
641 0.021421 
642 0.021345 
643 0.021269 
644 0.021193 
645 0.021118 
646 0.021043 
647 0.020968 
648 0.020893 
649 0.020819 
650 0.020745 
651 0.020671 
652 0.020597 
653 0.020524 
654 0.020451 
655 0.020378 
656 0.020305 
657 0.020233 
658 0.020161 
659 0.020089 
660 0.020018 
661 0.019946 
662 0.019875 
663 0.019805 
664 0.019734 
665 0.019664 
666 0.019594 
667 0.019524 
668 0.019455 
669 0.019385 
670 0.019316 
671 0.019248 
672 0.019179 
673 0.019111 
674 0.019043 
675 0.018975 
676 0.018907 
677 0.018840 
678 0.018773 
679 0.018706 
680 0.018640 
681 0.018573 
682 0.018507 
683 0.018441 
684 0.018375 
685 0.018310 
686 0.018245 
687 0.018180 
688 0.018115 
689 0.018051 
690 0.017986 
691 0.017922 
692 0.017859 
693 0.017795 
694 0.017732 
695 0.017668 
696 0.017606 
697 0.017543 
698 0.017480 
699 0.017418 
700 0.017356 
701 0.017294 
702 0.017233 
703 0.017171 
704 0.017110 
705 0.017049 
706 0.016989 
707 0.016928 
708 0.016868 
709 0.016808 
710 0.016748 
711 0.016688 
712 0.016629 
713 0.016570 
714 0.016511 
715 0.016452 
716 0.016393 
717 0.016335 
718 0.016277 
719 0.016219 
720 0.016161 
721 0.016104 
722 0.016046 
723 0.015989 
724 0.015932 
725 0.015876 
726 0.015819 
727 0.015763 
728 0.015707 
729 0.015651 
730 0.015595 
731 0.015539 
732 0.015484 
733 0.015429 
734 0.015374 
735 0.015319 
736 0.015265 
737 0.015210 
738 0.015156 
739 0.015102 
740 0.015049 
741 0.014995 
742 0.014942 
743 0.014888 
744 0.014835 
745 0.014783 
746 0.014730 
747 0.014677 
748 0.014573 
749 0.014521 
750 0.014470 
751 0.014418 
752 0.014367 
753 0.014316 
754 0.014265 
755 0.014214 
756 0.014163 
757 0.014113 
758 0.014062 
759 0.014012 
760 0.013963 
761 0.013913 
762 0.013863 
763 0.013814 
764 0.013765 
765 0.013716 
766 0.013667 
767 0.013618 
768 0.013570 
769 0.013521 
770 0.013473 
771 0.013425 
772 0.013378 
773 0.013330 
774 0.013282 
775 0.013235 
776 0.013188 
777 0.013141 
778 0.013094 
779 0.013048 
780 0.013001 
781 0.012863 
782 0.012817 
783 0.012771 
784 0.012726 
785 0.012681 
786 0.012635 
787 0.012590 
788 0.012546 
789 0.012501 
790 0.012456 
791 0.012412 
792 0.012368 
793 0.012324 
794 0.012280 
795 0.012236 
796 0.012193 
797 0.012149 
798 0.012106 
799 0.012063 
800 0.012020 
801 0.011977 
802 0.011935 
803 0.011892 
804 0.011850 
805 0.011808 
806 0.011766 
807 0.011724 
808 0.011682 
809 0.011640 
810 0.011599 
811 0.011558 
812 0.011516 
813 0.011475 
814 0.011435 
815 0.011394 
816 0.011353 
817 0.011313 
818 0.011273 
819 0.011232 
820 0.011192 
821 0.011153 
822 0.011113 
823 0.011073 
824 0.011034 
825 0.010995 
826 0.010955 
827 0.010916 
828 0.010878 
829 0.010839 
830 0.010800 
831 0.010762 
832 0.010724 
833 0.010685 
834 0.010647 
835 0.010609 
836 0.010572 
837 0.010534 
838 0.010496 
839 0.010459 
840 0.010422 
841 0.010385 
842 0.010348 
843 0.010311 
844 0.010274 
845 0.010238 
846 0.010201 
847 0.010165 
848 0.010129 
849 0.010093 
850 0.010057 
851 0.010021 
852 0.009950 
853 0.009914 
854 0.009879 
855 0.009844 
856 0.009809 
857 0.009739 
858 0.009704 
859 0.009635 
860 0.009601 
861 0.009567 
862 0.009533 
863 0.009499 
864 0.009465 
865 0.009431 
866 0.009398 
867 0.009364 
868 0.009331 
869 0.009298 
870 0.009265 
871 0.009232 
872 0.009199 
873 0.009166 
874 0.009133 
875 0.009101 
876 0.009068 
877 0.009036 
878 0.009004 
879 0.008972 
880 0.008940 
881 0.008908 
882 0.008876 
883 0.008845 
884 0.008813 
885 0.008782 
886 0.008751 
887 0.008720 
888 0.008688 
889 0.008658 
890 0.008627 
891 0.008596 
892 0.008565 
893 0.008535 
894 0.008505 
895 0.008474 
896 0.008444 
897 0.008414 
898 0.008384 
899 0.008354 
900 0.008324 
901 0.008295 
902 0.008265 
903 0.008236 
904 0.008207 
905 0.008177 
906 0.008148 
907 0.008119 
908 0.008090 
909 0.008061 
910 0.008033 
911 0.008004 
912 0.007976 
913 0.007947 
914 0.007919 
915 0.007891 
916 0.007863 
917 0.007835 
918 0.007807 
919 0.007779 
920 0.007751 
921 0.007696 
922 0.007669 
923 0.007642 
924 0.007587 
925 0.007560 
926 0.007533 
927 0.007506 
928 0.007480 
929 0.007453 
930 0.007400 
931 0.007374 
932 0.007348 
933 0.007295 
934 0.007269 
935 0.007243 
936 0.007218 
937 0.007192 
938 0.007166 
939 0.007141 
940 0.007115 
941 0.007090 
942 0.007065 
943 0.007040 
944 0.007015 
945 0.006990 
946 0.006965 
947 0.006940 
948 0.006915 
949 0.006891 
950 0.006866 
951 0.006842 
952 0.006817 
953 0.006793 
954 0.006769 
955 0.006745 
956 0.006721 
957 0.006697 
958 0.006673 
959 0.006649 
960 0.006626 
961 0.006602 
962 0.006578 
963 0.006555 
964 0.006532 
965 0.006508 
966 0.006485 
967 0.006462 
968 0.006439 
969 0.006416 
970 0.006393 
971 0.006371 
972 0.006325 
973 0.006303 
974 0.006280 
975 0.006258 
976 0.006236 
977 0.006214 
978 0.006191 
979 0.006169 
980 0.006147 
981 0.006125 
982 0.006082 
983 0.006060 
984 0.006039 
985 0.006017 
986 0.005996 
987 0.005974 
988 0.005953 
989 0.005932 
990 0.005890 
991 0.005869 
992 0.005848 
993 0.005827 
994 0.005806 
995 0.005786 
996 0.005765 
997 0.005745 
998 0.005724 
999 0.005704 
1000 0.005683 
1001 0.005663 
1002 0.005643 
1003 0.005623 
1004 0.005603 
1005 0.005583 
1006 0.005543 
1007 0.005504 
1008 0.005484 
1009 0.005465 
1010 0.005445 
1011 0.005407 
1012 0.005387 
1013 0.005368 
1014 0.005349 
1015 0.005311 
1016 0.005292 
1017 0.005273 
1018 0.005255 
1019 0.005236 
1020 0.005217 
1021 0.005199 
1022 0.005180 
1023 0.005143 
1024 0.005125 
1025 0.005107 
1026 0.005089 
1027 0.005070 
1028 0.005052 
1029 0.005016 
1030 0.004999 
1031 0.004981 
1032 0.004963 
1033 0.004945 
1034 0.004928 
1035 0.004893 
1036 0.004875 
1037 0.004858 
1038 0.004841 
1039 0.004806 
1040 0.004789 
1041 0.004772 
1042 0.004755 
1043 0.004721 
1044 0.004704 
1045 0.004688 
1046 0.004671 
1047 0.004638 
1048 0.004621 
1049 0.004605 
1050 0.004588 
1051 0.004556 
1052 0.004491 
1053 0.004475 
1054 0.004459 
1055 0.004428 
1056 0.004412 
1057 0.004396 
1058 0.004365 
1059 0.004349 
1060 0.004334 
1061 0.004303 
1062 0.004288 
1063 0.004257 
1064 0.004242 
1065 0.004227 
1066 0.004197 
1067 0.004152 
1068 0.004123 
1069 0.004094 
1070 0.004079 
1071 0.004050 
1072 0.004036 
1073 0.004007 
1074 0.003993 
1075 0.003964 
1076 0.003950 
1077 0.003922 
1078 0.003908 
1079 0.003880 
1080 0.003866 
1081 0.003839 
1082 0.003825 
1083 0.003798 
1084 0.003758 
1085 0.003731 
1086 0.003718 
1087 0.003678 
1088 0.003652 
1089 0.003626 
1090 0.003613 
1091 0.003562 
1092 0.003549 
1093 0.003524 
1094 0.003499 
1095 0.003487 
1096 0.003462 
1097 0.003437 
1098 0.003425 
1099 0.003376 
1100 0.003352 
1101 0.003317 
1102 0.003293 
1103 0.003270 
1104 0.003246 
1105 0.003235 
1106 0.003212 
1107 0.003189 
1108 0.003166 
1109 0.003144 
1110 0.003122 
1111 0.003099 
1112 0.003077 
1113 0.003045 
1114 0.003023 
1115 0.002980 
1116 0.002959 
1117 0.002938 
1118 0.002917 
1119 0.002896 
1120 0.002876 
1121 0.002845 
1122 0.002805 
1123 0.002785 
1124 0.002726 
1125 0.002707 
1126 0.002678 
1127 0.002659 
1128 0.002640 
1129 0.002621 
1130 0.002593 
1131 0.002575 
1132 0.002556 
1133 0.002529 
1134 0.002511 
1135 0.002493 
1136 0.002467 
1137 0.002449 
1138 0.002432 
1139 0.002406 
1140 0.002389 
1141 0.002363 
1142 0.002322 
1143 0.002281 
1144 0.002256 
1145 0.002217 
1146 0.002193 
1147 0.002177 
1148 0.002154 
1149 0.002131 
1150 0.002109 
1151 0.002094 
1152 0.002071 
1153 0.002049 
1154 0.002027 
1155 0.002006 
1156 0.001984 
1157 0.001963 
1158 0.001942 
1159 0.001922 
1160 0.001881 
1161 0.001835 
1162 0.001815 
1163 0.001796 
1164 0.001770 
1165 0.001733 
1166 0.001708 
1167 0.001690 
1168 0.001666 
1169 0.001649 
1170 0.001625 
1171 0.001602 
1172 0.001585 
1173 0.001563 
1174 0.001541 
1175 0.001519 
1176 0.001497 
1177 0.001476 
1178 0.001434 
1179 0.001414 
1180 0.001394 
1181 0.001374 
1182 0.001350 
1183 0.001331 
1184 0.001307 
1185 0.001289 
1186 0.001266 
1187 0.001244 
1188 0.001204 
1189 0.001183 
1190 0.001162 
1191 0.001142 
1192 0.001118 
1193 0.001098 
1194 0.001078 
1195 0.001056 
1196 0.001033 
1197 0.001015 
1198 0.000993 
1199 0.000972 
1200 0.000948 
1201 0.000928 
1202 0.000909 
1203 0.000886 
1204 0.000864 
1205 0.000843 
1206 0.000822 
1207 0.000802 
1208 0.000782 
1209 0.000760 
1210 0.000739 
1211 0.000718 
1212 0.000698 
1213 0.000676 
1214 0.000654 
1215 0.000634 
1216 0.000612 
1217 0.000590 
1218 0.000570 
1219 0.000550 
1220 0.000528 
1221 0.000506 
1222 0.000485 
1223 0.000465 
1224 0.000444 
1225 0.000422 
1226 0.000402 
1227 0.000381 
1228 0.000359 
1229 0.000338 
1230 0.000295 
1231 0.000274 
1232 0.000233 
1233 0.000211 
1234 0.000190 
1235 0.000169 
1236 0.000148 
1237 0.000127 
1238 0.000105 
1239 0.000084 
1240 0.000063 
1241 0.000042 
1242 0.000000 
