-3.490000 1.000000 
-3.470000 1.000000 
-3.240000 1.000000 
-3.090000 1.000000 
-3.060000 1.000000 
-3.010000 2.000000 
-2.990000 1.000000 
-2.950000 1.000000 
-2.920000 1.000000 
-2.890000 1.000000 
-2.780000 1.000000 
-2.770000 1.000000 
-2.760000 2.000000 
-2.740000 1.000000 
-2.730000 1.000000 
-2.720000 1.000000 
-2.710000 1.000000 
-2.690000 1.000000 
-2.670000 2.000000 
-2.660000 1.000000 
-2.650000 1.000000 
-2.640000 2.000000 
-2.610000 1.000000 
-2.600000 1.000000 
-2.590000 1.000000 
-2.560000 2.000000 
-2.540000 2.000000 
-2.530000 2.000000 
-2.510000 1.000000 
-2.500000 1.000000 
-2.490000 4.000000 
-2.480000 1.000000 
-2.470000 2.000000 
-2.440000 1.000000 
-2.430000 2.000000 
-2.410000 2.000000 
-2.390000 2.000000 
-2.380000 4.000000 
-2.370000 2.000000 
-2.360000 2.000000 
-2.350000 3.000000 
-2.340000 1.000000 
-2.330000 2.000000 
-2.320000 1.000000 
-2.310000 1.000000 
-2.300000 5.000000 
-2.290000 1.000000 
-2.280000 2.000000 
-2.270000 3.000000 
-2.260000 3.000000 
-2.250000 5.000000 
-2.240000 3.000000 
-2.230000 1.000000 
-2.220000 2.000000 
-2.210000 3.000000 
-2.200000 5.000000 
-2.190000 2.000000 
-2.180000 1.000000 
-2.170000 3.000000 
-2.150000 5.000000 
-2.140000 1.000000 
-2.130000 1.000000 
-2.120000 1.000000 
-2.110000 3.000000 
-2.100000 4.000000 
-2.080000 4.000000 
-2.070000 2.000000 
-2.060000 4.000000 
-2.050000 1.000000 
-2.040000 4.000000 
-2.030000 3.000000 
-2.020000 4.000000 
-2.010000 3.000000 
-2.000000 2.000000 
-1.990000 5.000000 
-1.980000 6.000000 
-1.970000 2.000000 
-1.960000 4.000000 
-1.950000 6.000000 
-1.940000 3.000000 
-1.930000 3.000000 
-1.920000 3.000000 
-1.910000 5.000000 
-1.900000 10.000000 
-1.890000 8.000000 
-1.880000 2.000000 
-1.870000 7.000000 
-1.860000 4.000000 
-1.850000 4.000000 
-1.840000 6.000000 
-1.830000 9.000000 
-1.820000 6.000000 
-1.810000 10.000000 
-1.800000 2.000000 
-1.790000 8.000000 
-1.780000 3.000000 
-1.770000 9.000000 
-1.760000 4.000000 
-1.750000 12.000000 
-1.740000 7.000000 
-1.730000 4.000000 
-1.720000 8.000000 
-1.710000 6.000000 
-1.700000 11.000000 
-1.690000 3.000000 
-1.680000 9.000000 
-1.670000 8.000000 
-1.660000 4.000000 
-1.650000 9.000000 
-1.640000 9.000000 
-1.630000 7.000000 
-1.620000 3.000000 
-1.610000 7.000000 
-1.600000 10.000000 
-1.590000 9.000000 
-1.580000 7.000000 
-1.570000 6.000000 
-1.560000 10.000000 
-1.550000 6.000000 
-1.540000 12.000000 
-1.530000 9.000000 
-1.520000 17.000000 
-1.510000 9.000000 
-1.500000 8.000000 
-1.490000 8.000000 
-1.480000 11.000000 
-1.470000 7.000000 
-1.460000 12.000000 
-1.450000 7.000000 
-1.440000 11.000000 
-1.430000 7.000000 
-1.420000 11.000000 
-1.410000 15.000000 
-1.400000 12.000000 
-1.390000 5.000000 
-1.380000 5.000000 
-1.370000 13.000000 
-1.360000 11.000000 
-1.350000 15.000000 
-1.340000 8.000000 
-1.330000 10.000000 
-1.320000 12.000000 
-1.310000 13.000000 
-1.300000 17.000000 
-1.290000 15.000000 
-1.280000 11.000000 
-1.270000 16.000000 
-1.260000 13.000000 
-1.250000 10.000000 
-1.240000 14.000000 
-1.230000 8.000000 
-1.220000 13.000000 
-1.210000 22.000000 
-1.200000 18.000000 
-1.190000 14.000000 
-1.180000 19.000000 
-1.170000 13.000000 
-1.160000 17.000000 
-1.150000 11.000000 
-1.140000 27.000000 
-1.130000 15.000000 
-1.120000 11.000000 
-1.110000 14.000000 
-1.100000 12.000000 
-1.090000 15.000000 
-1.080000 18.000000 
-1.070000 17.000000 
-1.060000 24.000000 
-1.050000 13.000000 
-1.040000 20.000000 
-1.030000 12.000000 
-1.020000 20.000000 
-1.010000 18.000000 
-1.000000 17.000000 
-0.990000 15.000000 
-0.980000 24.000000 
-0.970000 19.000000 
-0.960000 25.000000 
-0.950000 16.000000 
-0.940000 9.000000 
-0.930000 11.000000 
-0.920000 26.000000 
-0.910000 21.000000 
-0.900000 16.000000 
-0.890000 26.000000 
-0.880000 26.000000 
-0.870000 14.000000 
-0.860000 18.000000 
-0.850000 18.000000 
-0.840000 15.000000 
-0.830000 19.000000 
-0.820000 22.000000 
-0.810000 20.000000 
-0.800000 24.000000 
-0.790000 23.000000 
-0.780000 16.000000 
-0.770000 24.000000 
-0.760000 22.000000 
-0.750000 18.000000 
-0.740000 31.000000 
-0.730000 19.000000 
-0.720000 17.000000 
-0.710000 23.000000 
-0.700000 15.000000 
-0.690000 17.000000 
-0.680000 13.000000 
-0.670000 18.000000 
-0.660000 16.000000 
-0.650000 21.000000 
-0.640000 16.000000 
-0.630000 20.000000 
-0.620000 25.000000 
-0.610000 21.000000 
-0.600000 19.000000 
-0.590000 26.000000 
-0.580000 23.000000 
-0.570000 20.000000 
-0.560000 22.000000 
-0.550000 22.000000 
-0.540000 22.000000 
-0.530000 24.000000 
-0.520000 20.000000 
-0.510000 36.000000 
-0.500000 22.000000 
-0.490000 25.000000 
-0.480000 24.000000 
-0.470000 29.000000 
-0.460000 35.000000 
-0.450000 19.000000 
-0.440000 33.000000 
-0.430000 25.000000 
-0.420000 22.000000 
-0.410000 27.000000 
-0.400000 28.000000 
-0.390000 19.000000 
-0.380000 16.000000 
-0.370000 32.000000 
-0.360000 21.000000 
-0.350000 28.000000 
-0.340000 19.000000 
-0.330000 19.000000 
-0.320000 29.000000 
-0.310000 24.000000 
-0.300000 23.000000 
-0.290000 28.000000 
-0.280000 26.000000 
-0.270000 26.000000 
-0.260000 20.000000 
-0.250000 27.000000 
-0.240000 22.000000 
-0.230000 32.000000 
-0.220000 24.000000 
-0.210000 35.000000 
-0.200000 35.000000 
-0.190000 40.000000 
-0.180000 26.000000 
-0.170000 32.000000 
-0.160000 28.000000 
-0.150000 30.000000 
-0.140000 27.000000 
-0.130000 22.000000 
-0.120000 32.000000 
-0.110000 28.000000 
-0.100000 24.000000 
-0.090000 32.000000 
-0.080000 33.000000 
-0.070000 28.000000 
-0.060000 22.000000 
-0.050000 21.000000 
-0.040000 25.000000 
-0.030000 28.000000 
-0.020000 32.000000 
-0.010000 36.000000 
0.000000 20.000000 
0.010000 36.000000 
0.020000 33.000000 
0.030000 30.000000 
0.040000 26.000000 
0.050000 24.000000 
0.060000 22.000000 
0.070000 31.000000 
0.080000 30.000000 
0.090000 29.000000 
0.100000 22.000000 
0.110000 29.000000 
0.120000 35.000000 
0.130000 24.000000 
0.140000 28.000000 
0.150000 27.000000 
0.160000 28.000000 
0.170000 33.000000 
0.180000 25.000000 
0.190000 39.000000 
0.200000 32.000000 
0.210000 34.000000 
0.220000 23.000000 
0.230000 33.000000 
0.240000 21.000000 
0.250000 28.000000 
0.260000 19.000000 
0.270000 27.000000 
0.280000 26.000000 
0.290000 25.000000 
0.300000 23.000000 
0.310000 27.000000 
0.320000 30.000000 
0.330000 21.000000 
0.340000 21.000000 
0.350000 29.000000 
0.360000 21.000000 
0.370000 31.000000 
0.380000 16.000000 
0.390000 23.000000 
0.400000 29.000000 
0.410000 29.000000 
0.420000 26.000000 
0.430000 26.000000 
0.440000 33.000000 
0.450000 20.000000 
0.460000 32.000000 
0.470000 28.000000 
0.480000 27.000000 
0.490000 27.000000 
0.500000 23.000000 
0.510000 34.000000 
0.520000 21.000000 
0.530000 26.000000 
0.540000 21.000000 
0.550000 21.000000 
0.560000 22.000000 
0.570000 22.000000 
0.580000 21.000000 
0.590000 27.000000 
0.600000 20.000000 
0.610000 17.000000 
0.620000 25.000000 
0.630000 23.000000 
0.640000 14.000000 
0.650000 23.000000 
0.660000 17.000000 
0.670000 19.000000 
0.680000 13.000000 
0.690000 16.000000 
0.700000 17.000000 
0.710000 20.000000 
0.720000 15.000000 
0.730000 20.000000 
0.740000 31.000000 
0.750000 19.000000 
0.760000 22.000000 
0.770000 23.000000 
0.780000 19.000000 
0.790000 24.000000 
0.800000 23.000000 
0.810000 23.000000 
0.820000 22.000000 
0.830000 19.000000 
0.840000 19.000000 
0.850000 16.000000 
0.860000 17.000000 
0.870000 10.000000 
0.880000 23.000000 
0.890000 22.000000 
0.900000 16.000000 
0.910000 23.000000 
0.920000 23.000000 
0.930000 10.000000 
0.940000 11.000000 
0.950000 16.000000 
0.960000 26.000000 
0.970000 19.000000 
0.980000 21.000000 
0.990000 15.000000 
1.000000 18.000000 
1.010000 18.000000 
1.020000 18.000000 
1.030000 12.000000 
1.040000 20.000000 
1.050000 14.000000 
1.060000 27.000000 
1.070000 17.000000 
1.080000 16.000000 
1.090000 16.000000 
1.100000 13.000000 
1.110000 16.000000 
1.120000 12.000000 
1.130000 15.000000 
1.140000 25.000000 
1.150000 10.000000 
1.160000 17.000000 
1.170000 15.000000 
1.180000 16.000000 
1.190000 14.000000 
1.200000 15.000000 
1.210000 20.000000 
1.220000 11.000000 
1.230000 12.000000 
1.240000 13.000000 
1.250000 11.000000 
1.260000 12.000000 
1.270000 15.000000 
1.280000 9.000000 
1.290000 15.000000 
1.300000 18.000000 
1.310000 13.000000 
1.320000 10.000000 
1.330000 11.000000 
1.340000 8.000000 
1.350000 13.000000 
1.360000 16.000000 
1.370000 13.000000 
1.380000 4.000000 
1.390000 6.000000 
1.400000 11.000000 
1.410000 15.000000 
1.420000 11.000000 
1.430000 6.000000 
1.440000 10.000000 
1.450000 7.000000 
1.460000 14.000000 
1.470000 10.000000 
1.480000 12.000000 
1.490000 8.000000 
1.500000 6.000000 
1.510000 9.000000 
1.520000 14.000000 
1.530000 9.000000 
1.540000 11.000000 
1.550000 7.000000 
1.560000 10.000000 
1.570000 8.000000 
1.580000 5.000000 
1.590000 9.000000 
1.600000 11.000000 
1.610000 7.000000 
1.620000 4.000000 
1.630000 9.000000 
1.640000 10.000000 
1.650000 9.000000 
1.660000 4.000000 
1.670000 7.000000 
1.680000 9.000000 
1.690000 4.000000 
1.700000 11.000000 
1.710000 6.000000 
1.720000 6.000000 
1.730000 4.000000 
1.740000 8.000000 
1.750000 12.000000 
1.760000 3.000000 
1.770000 10.000000 
1.780000 4.000000 
1.790000 9.000000 
1.800000 4.000000 
1.810000 9.000000 
1.820000 9.000000 
1.830000 11.000000 
1.840000 6.000000 
1.850000 4.000000 
1.860000 4.000000 
1.870000 7.000000 
1.880000 2.000000 
1.890000 11.000000 
1.900000 12.000000 
1.910000 4.000000 
1.920000 3.000000 
1.930000 2.000000 
1.940000 4.000000 
1.950000 5.000000 
1.960000 4.000000 
1.970000 2.000000 
1.980000 6.000000 
1.990000 4.000000 
2.000000 3.000000 
2.010000 3.000000 
2.020000 4.000000 
2.030000 2.000000 
2.040000 4.000000 
2.050000 2.000000 
2.060000 3.000000 
2.070000 2.000000 
2.080000 2.000000 
2.100000 6.000000 
2.110000 3.000000 
2.130000 1.000000 
2.140000 1.000000 
2.150000 3.000000 
2.170000 2.000000 
2.180000 2.000000 
2.190000 2.000000 
2.200000 4.000000 
2.210000 5.000000 
2.220000 2.000000 
2.230000 1.000000 
2.240000 3.000000 
2.250000 5.000000 
2.260000 3.000000 
2.270000 2.000000 
2.280000 2.000000 
2.290000 1.000000 
2.300000 4.000000 
2.310000 1.000000 
2.320000 1.000000 
2.330000 2.000000 
2.340000 1.000000 
2.350000 3.000000 
2.360000 2.000000 
2.370000 2.000000 
2.380000 4.000000 
2.390000 2.000000 
2.400000 1.000000 
2.410000 3.000000 
2.430000 2.000000 
2.440000 1.000000 
2.470000 2.000000 
2.490000 4.000000 
2.500000 1.000000 
2.510000 1.000000 
2.530000 2.000000 
2.540000 2.000000 
2.560000 2.000000 
2.590000 1.000000 
2.600000 1.000000 
2.610000 1.000000 
2.620000 1.000000 
2.640000 2.000000 
2.650000 1.000000 
2.660000 2.000000 
2.670000 2.000000 
2.690000 1.000000 
2.710000 1.000000 
2.720000 1.000000 
2.730000 1.000000 
2.740000 1.000000 
2.760000 2.000000 
2.770000 1.000000 
2.780000 1.000000 
2.890000 1.000000 
2.910000 1.000000 
2.920000 1.000000 
2.950000 1.000000 
2.990000 1.000000 
3.010000 1.000000 
3.060000 2.000000 
3.090000 1.000000 
3.240000 1.000000 
3.470000 1.000000 
