-3.200000 0.002384 
-3.170000 0.002623 
-3.150000 0.002794 
-3.120000 0.003070 
-3.110000 0.003167 
-3.070000 0.003584 
-3.050000 0.003810 
-3.030000 0.004049 
-2.990000 0.004567 
-2.970000 0.004847 
-2.950000 0.005143 
-2.900000 0.005953 
-2.880000 0.006307 
-2.840000 0.007071 
-2.830000 0.007274 
-2.810000 0.007697 
-2.770000 0.008605 
-2.760000 0.008846 
-2.750000 0.009094 
-2.740000 0.009347 
-2.730000 0.009606 
-2.720000 0.009871 
-2.700000 0.010421 
-2.680000 0.010997 
-2.670000 0.011295 
-2.660000 0.011600 
-2.650000 0.011912 
-2.640000 0.012232 
-2.630000 0.012558 
-2.620000 0.012892 
-2.610000 0.013234 
-2.600000 0.013583 
-2.570000 0.014678 
-2.560000 0.015060 
-2.550000 0.015449 
-2.540000 0.015848 
-2.520000 0.016670 
-2.510000 0.017095 
-2.500000 0.017528 
-2.490000 0.017971 
-2.480000 0.018423 
-2.470000 0.018885 
-2.460000 0.019356 
-2.450000 0.019837 
-2.440000 0.020328 
-2.420000 0.021341 
-2.410000 0.021862 
-2.390000 0.022937 
-2.380000 0.023491 
-2.370000 0.024056 
-2.360000 0.024631 
-2.350000 0.025218 
-2.340000 0.025817 
-2.330000 0.026426 
-2.320000 0.027048 
-2.310000 0.027682 
-2.300000 0.028327 
-2.290000 0.028985 
-2.280000 0.029655 
-2.270000 0.030337 
-2.260000 0.031032 
-2.250000 0.031740 
-2.240000 0.032460 
-2.230000 0.033194 
-2.220000 0.033941 
-2.210000 0.034701 
-2.200000 0.035475 
-2.190000 0.036262 
-2.180000 0.037063 
-2.170000 0.037878 
-2.160000 0.038707 
-2.150000 0.039550 
-2.140000 0.040408 
-2.130000 0.041280 
-2.120000 0.042166 
-2.110000 0.043067 
-2.100000 0.043984 
-2.090000 0.044915 
-2.080000 0.045861 
-2.070000 0.046823 
-2.060000 0.047800 
-2.050000 0.048792 
-2.040000 0.049800 
-2.030000 0.050824 
-2.020000 0.051864 
-2.010000 0.052919 
-2.000000 0.053991 
-1.990000 0.055079 
-1.980000 0.056183 
-1.970000 0.057304 
-1.960000 0.058441 
-1.950000 0.059595 
-1.940000 0.060765 
-1.930000 0.061952 
-1.920000 0.063157 
-1.910000 0.064378 
-1.900000 0.065616 
-1.890000 0.066871 
-1.880000 0.068144 
-1.870000 0.069433 
-1.860000 0.070740 
-1.850000 0.072065 
-1.840000 0.073407 
-1.830000 0.074766 
-1.820000 0.076143 
-1.810000 0.077538 
-1.800000 0.078950 
-1.790000 0.080380 
-1.780000 0.081828 
-1.770000 0.083293 
-1.760000 0.084776 
-1.750000 0.086277 
-1.740000 0.087796 
-1.730000 0.089333 
-1.720000 0.090887 
-1.710000 0.092459 
-1.700000 0.094049 
-1.690000 0.095657 
-1.680000 0.097282 
-1.670000 0.098925 
-1.660000 0.100586 
-1.650000 0.102265 
-1.640000 0.103961 
-1.630000 0.105675 
-1.620000 0.107406 
-1.610000 0.109155 
-1.600000 0.110921 
-1.590000 0.112704 
-1.580000 0.114505 
-1.570000 0.116323 
-1.560000 0.118157 
-1.550000 0.120009 
-1.540000 0.121878 
-1.530000 0.123763 
-1.520000 0.125665 
-1.510000 0.127583 
-1.500000 0.129518 
-1.490000 0.131468 
-1.480000 0.133435 
-1.470000 0.135418 
-1.460000 0.137417 
-1.450000 0.139431 
-1.440000 0.141460 
-1.430000 0.143505 
-1.420000 0.145564 
-1.410000 0.147639 
-1.400000 0.149727 
-1.390000 0.151831 
-1.380000 0.153948 
-1.370000 0.156080 
-1.360000 0.158225 
-1.350000 0.160383 
-1.340000 0.162555 
-1.330000 0.164740 
-1.320000 0.166937 
-1.310000 0.169147 
-1.300000 0.171369 
-1.290000 0.173602 
-1.280000 0.175847 
-1.270000 0.178104 
-1.260000 0.180371 
-1.250000 0.182649 
-1.240000 0.184937 
-1.230000 0.187235 
-1.220000 0.189543 
-1.210000 0.191860 
-1.200000 0.194186 
-1.190000 0.196520 
-1.180000 0.198863 
-1.170000 0.201214 
-1.160000 0.203571 
-1.150000 0.205936 
-1.140000 0.208308 
-1.130000 0.210686 
-1.120000 0.213069 
-1.110000 0.215458 
-1.100000 0.217852 
-1.090000 0.220251 
-1.080000 0.222653 
-1.070000 0.225060 
-1.060000 0.227470 
-1.050000 0.229882 
-1.040000 0.232297 
-1.030000 0.234714 
-1.020000 0.237132 
-1.010000 0.239551 
-1.000000 0.241971 
-0.990000 0.244390 
-0.980000 0.246809 
-0.970000 0.249228 
-0.960000 0.251644 
-0.950000 0.254059 
-0.940000 0.256471 
-0.930000 0.258881 
-0.920000 0.261286 
-0.910000 0.263688 
-0.900000 0.266085 
-0.890000 0.268477 
-0.880000 0.270864 
-0.870000 0.273244 
-0.860000 0.275618 
-0.850000 0.277985 
-0.840000 0.280344 
-0.830000 0.282694 
-0.820000 0.285036 
-0.810000 0.287369 
-0.800000 0.289692 
-0.790000 0.292004 
-0.780000 0.294305 
-0.770000 0.296595 
-0.760000 0.298872 
-0.750000 0.301137 
-0.740000 0.303389 
-0.730000 0.305627 
-0.720000 0.307851 
-0.710000 0.310060 
-0.700000 0.312254 
-0.690000 0.314432 
-0.680000 0.316593 
-0.670000 0.318737 
-0.660000 0.320864 
-0.650000 0.322972 
-0.640000 0.325062 
-0.630000 0.327133 
-0.620000 0.329184 
-0.610000 0.331215 
-0.600000 0.333225 
-0.590000 0.335213 
-0.580000 0.337180 
-0.570000 0.339124 
-0.560000 0.341046 
-0.550000 0.342944 
-0.540000 0.344818 
-0.530000 0.346668 
-0.520000 0.348493 
-0.510000 0.350292 
-0.500000 0.352065 
-0.490000 0.353812 
-0.480000 0.355533 
-0.470000 0.357225 
-0.460000 0.358890 
-0.450000 0.360527 
-0.440000 0.362135 
-0.430000 0.363714 
-0.420000 0.365263 
-0.410000 0.366782 
-0.400000 0.368270 
-0.390000 0.369728 
-0.380000 0.371154 
-0.370000 0.372548 
-0.360000 0.373911 
-0.350000 0.375240 
-0.340000 0.376537 
-0.330000 0.377801 
-0.320000 0.379031 
-0.310000 0.380226 
-0.300000 0.381388 
-0.290000 0.382515 
-0.280000 0.383606 
-0.270000 0.384663 
-0.260000 0.385683 
-0.250000 0.386668 
-0.240000 0.387617 
-0.230000 0.388529 
-0.220000 0.389404 
-0.210000 0.390242 
-0.200000 0.391043 
-0.190000 0.391806 
-0.180000 0.392531 
-0.170000 0.393219 
-0.160000 0.393868 
-0.150000 0.394479 
-0.140000 0.395052 
-0.130000 0.395585 
-0.120000 0.396080 
-0.110000 0.396536 
-0.100000 0.396953 
-0.090000 0.397330 
-0.080000 0.397668 
-0.070000 0.397966 
-0.060000 0.398225 
-0.050000 0.398444 
-0.040000 0.398623 
-0.030000 0.398763 
-0.020000 0.398863 
-0.010000 0.398922 
0.000000 0.398942 
0.010000 0.398922 
0.020000 0.398863 
0.030000 0.398763 
0.040000 0.398623 
0.050000 0.398444 
0.060000 0.398225 
0.070000 0.397966 
0.080000 0.397668 
0.090000 0.397330 
0.100000 0.396953 
0.110000 0.396536 
0.120000 0.396080 
0.130000 0.395585 
0.140000 0.395052 
0.150000 0.394479 
0.160000 0.393868 
0.170000 0.393219 
0.180000 0.392531 
0.190000 0.391806 
0.200000 0.391043 
0.210000 0.390242 
0.220000 0.389404 
0.230000 0.388529 
0.240000 0.387617 
0.250000 0.386668 
0.260000 0.385683 
0.270000 0.384663 
0.280000 0.383606 
0.290000 0.382515 
0.300000 0.381388 
0.310000 0.380226 
0.320000 0.379031 
0.330000 0.377801 
0.340000 0.376537 
0.350000 0.375240 
0.360000 0.373911 
0.370000 0.372548 
0.380000 0.371154 
0.390000 0.369728 
0.400000 0.368270 
0.410000 0.366782 
0.420000 0.365263 
0.430000 0.363714 
0.440000 0.362135 
0.450000 0.360527 
0.460000 0.358890 
0.470000 0.357225 
0.480000 0.355533 
0.490000 0.353812 
0.500000 0.352065 
0.510000 0.350292 
0.520000 0.348493 
0.530000 0.346668 
0.540000 0.344818 
0.550000 0.342944 
0.560000 0.341046 
0.570000 0.339124 
0.580000 0.337180 
0.590000 0.335213 
0.600000 0.333225 
0.610000 0.331215 
0.620000 0.329184 
0.630000 0.327133 
0.640000 0.325062 
0.650000 0.322972 
0.660000 0.320864 
0.670000 0.318737 
0.680000 0.316593 
0.690000 0.314432 
0.700000 0.312254 
0.710000 0.310060 
0.720000 0.307851 
0.730000 0.305627 
0.740000 0.303389 
0.750000 0.301137 
0.760000 0.298872 
0.770000 0.296595 
0.780000 0.294305 
0.790000 0.292004 
0.800000 0.289692 
0.810000 0.287369 
0.820000 0.285036 
0.830000 0.282694 
0.840000 0.280344 
0.850000 0.277985 
0.860000 0.275618 
0.870000 0.273244 
0.880000 0.270864 
0.890000 0.268477 
0.900000 0.266085 
0.910000 0.263688 
0.920000 0.261286 
0.930000 0.258881 
0.940000 0.256471 
0.950000 0.254059 
0.960000 0.251644 
0.970000 0.249228 
0.980000 0.246809 
0.990000 0.244390 
1.000000 0.241971 
1.010000 0.239551 
1.020000 0.237132 
1.030000 0.234714 
1.040000 0.232297 
1.050000 0.229882 
1.060000 0.227470 
1.070000 0.225060 
1.080000 0.222653 
1.090000 0.220251 
1.100000 0.217852 
1.110000 0.215458 
1.120000 0.213069 
1.130000 0.210686 
1.140000 0.208308 
1.150000 0.205936 
1.160000 0.203571 
1.170000 0.201214 
1.180000 0.198863 
1.190000 0.196520 
1.200000 0.194186 
1.210000 0.191860 
1.220000 0.189543 
1.230000 0.187235 
1.240000 0.184937 
1.250000 0.182649 
1.260000 0.180371 
1.270000 0.178104 
1.280000 0.175847 
1.290000 0.173602 
1.300000 0.171369 
1.310000 0.169147 
1.320000 0.166937 
1.330000 0.164740 
1.340000 0.162555 
1.350000 0.160383 
1.360000 0.158225 
1.370000 0.156080 
1.380000 0.153948 
1.390000 0.151831 
1.400000 0.149727 
1.410000 0.147639 
1.420000 0.145564 
1.430000 0.143505 
1.440000 0.141460 
1.450000 0.139431 
1.460000 0.137417 
1.470000 0.135418 
1.480000 0.133435 
1.490000 0.131468 
1.500000 0.129518 
1.510000 0.127583 
1.520000 0.125665 
1.530000 0.123763 
1.540000 0.121878 
1.550000 0.120009 
1.560000 0.118157 
1.570000 0.116323 
1.580000 0.114505 
1.590000 0.112704 
1.600000 0.110921 
1.610000 0.109155 
1.620000 0.107406 
1.630000 0.105675 
1.640000 0.103961 
1.650000 0.102265 
1.660000 0.100586 
1.670000 0.098925 
1.680000 0.097282 
1.690000 0.095657 
1.700000 0.094049 
1.710000 0.092459 
1.720000 0.090887 
1.730000 0.089333 
1.740000 0.087796 
1.750000 0.086277 
1.760000 0.084776 
1.770000 0.083293 
1.780000 0.081828 
1.790000 0.080380 
1.800000 0.078950 
1.810000 0.077538 
1.820000 0.076143 
1.830000 0.074766 
1.840000 0.073407 
1.850000 0.072065 
1.860000 0.070740 
1.870000 0.069433 
1.880000 0.068144 
1.890000 0.066871 
1.900000 0.065616 
1.910000 0.064378 
1.920000 0.063157 
1.930000 0.061952 
1.940000 0.060765 
1.950000 0.059595 
1.960000 0.058441 
1.970000 0.057304 
1.980000 0.056183 
1.990000 0.055079 
2.000000 0.053991 
2.010000 0.052919 
2.020000 0.051864 
2.030000 0.050824 
2.040000 0.049800 
2.050000 0.048792 
2.060000 0.047800 
2.070000 0.046823 
2.080000 0.045861 
2.090000 0.044915 
2.100000 0.043984 
2.110000 0.043067 
2.120000 0.042166 
2.130000 0.041280 
2.140000 0.040408 
2.150000 0.039550 
2.160000 0.038707 
2.170000 0.037878 
2.180000 0.037063 
2.190000 0.036262 
2.200000 0.035475 
2.210000 0.034701 
2.220000 0.033941 
2.230000 0.033194 
2.240000 0.032460 
2.250000 0.031740 
2.260000 0.031032 
2.270000 0.030337 
2.280000 0.029655 
2.290000 0.028985 
2.310000 0.027682 
2.320000 0.027048 
2.330000 0.026426 
2.340000 0.025817 
2.350000 0.025218 
2.360000 0.024631 
2.370000 0.024056 
2.390000 0.022937 
2.400000 0.022395 
2.420000 0.021341 
2.430000 0.020829 
2.440000 0.020328 
2.450000 0.019837 
2.460000 0.019356 
2.470000 0.018885 
2.480000 0.018423 
2.510000 0.017095 
2.520000 0.016670 
2.530000 0.016254 
2.540000 0.015848 
2.560000 0.015060 
2.570000 0.014678 
2.580000 0.014305 
2.610000 0.013234 
2.620000 0.012892 
2.640000 0.012232 
2.650000 0.011912 
2.670000 0.011295 
2.680000 0.010997 
2.690000 0.010706 
2.730000 0.009606 
2.740000 0.009347 
2.780000 0.008370 
2.790000 0.008140 
2.850000 0.006873 
2.860000 0.006679 
2.870000 0.006491 
2.880000 0.006307 
2.890000 0.006127 
2.950000 0.005143 
2.970000 0.004847 
2.980000 0.004705 
3.050000 0.003810 
3.070000 0.003584 
3.120000 0.003070 
3.130000 0.002975 
3.140000 0.002884 
3.200000 0.002384 
3.250000 0.002029 
3.270000 0.001901 
3.350000 0.001459 
3.360000 0.001411 
3.410000 0.001191 
3.420000 0.001151 
3.590000 0.000634 
3.820000 0.000271 
3.940000 0.000170 
4.080000 0.000097 
